hal_kinematics:
  ros__parameters:
    a0: 0.0
    a1: 0.0
    a2: 0.55
    a3: 0.0
    a4: 0.0
    a5: 0.0

    alpha0: 0.0
    alpha1: 1.570796
    alpha2: 0.0
    alpha3: 1.570796
    alpha4: -1.570796
    alpha5: 1.570796

    # 0.5 + 0.0245 + 0.14499
    d1: 0.597    #was 0.669490
    # from urdf z_{i+1}
    d2: 0.7e-5  #was 0.07149
    # d3 from urdf
    d3: -0.2e-5 #was -0.02674
    # 0.3895 + 0.11999
    d4: 0.5095 #was 0.50949 
    # from urdf, dof4_joint
    d5: -0.3e-5 #was -0.030752
    d6: 0.2041 #was 0.04634 

    d_theta1: 0.0
    # -5*pi/6
    d_theta2: 2.61667 #was 2.61667
    # -pi/4
    d_theta3: -0.785 #was -0.785
    d_theta4: 0.0
    d_theta5: 0.0
    d_theta6: 0.0


    #limits
    # d1_lim: [-1.57, 1.57]                           # MEASURED # OFFSET 0
    d1_lim: [-1.675, 1.545]                             # OFFSET -0.08 and additional -0.025
    # d2_lim: [-2.76, 0.0]                             # OFFSET 0
    d2_lim: [-2.56, 0.735]                              # OFFSET -0.03 + 0.505   #wuld be 0.635
    d3_lim: [-0.415, 1.394]    #BEFORE BLOCKING WAS 1.885                         # OFFSET -0.785 good  #before external mani cable [-0.415, 1.555]
    # d4_lim: [-3.141592653589793, 3.141592653589793]                           # SAFETY [mani]
    # d4_lim: [-5.93, 0.35]
    # d4_lim: [-4.36, 1.92] # before mani repair
    d4_lim: [-0.34 , 5.94]
    d5_lim: [-1.36, 2.1]    # SAFETY [kable]  -1.3 do 1.6 
    # d6_lim: [-3.64, 8.78]
    d6_lim: [-3.404, 8.896]

